0 768.00000000000000000 768.00000000000000000 320.00000000000000000 180.00000000000000000
1 768.00000000000000000 768.00000000000000000 320.00000000000000000 180.00000000000000000
2 768.00000000000000000 768.00000000000000000 320.00000000000000000 180.00000000000000000
3 768.00000000000000000 768.00000000000000000 320.00000000000000000 180.00000000000000000
4 768.00000000000000000 768.00000000000000000 320.00000000000000000 180.00000000000000000
5 768.00000000000000000 768.00000000000000000 320.00000000000000000 180.00000000000000000
6 768.00000000000000000 768.00000000000000000 320.00000000000000000 180.00000000000000000
7 768.00000000000000000 768.00000000000000000 320.00000000000000000 180.00000000000000000
8 768.00000000000000000 768.00000000000000000 320.00000000000000000 180.00000000000000000
9 768.00000000000000000 768.00000000000000000 320.00000000000000000 180.00000000000000000
10 768.00000000000000000 768.00000000000000000 320.00000000000000000 180.00000000000000000
11 768.00000000000000000 768.00000000000000000 320.00000000000000000 180.00000000000000000
12 768.00000000000000000 768.00000000000000000 320.00000000000000000 180.00000000000000000
13 768.00000000000000000 768.00000000000000000 320.00000000000000000 180.00000000000000000
14 768.00000000000000000 768.00000000000000000 320.00000000000000000 180.00000000000000000
15 768.00000000000000000 768.00000000000000000 320.00000000000000000 180.00000000000000000
16 768.00000000000000000 768.00000000000000000 320.00000000000000000 180.00000000000000000
17 768.00000000000000000 768.00000000000000000 320.00000000000000000 180.00000000000000000
18 768.00000000000000000 768.00000000000000000 320.00000000000000000 180.00000000000000000
19 768.00000000000000000 768.00000000000000000 320.00000000000000000 180.00000000000000000
20 768.00000000000000000 768.00000000000000000 320.00000000000000000 180.00000000000000000
21 768.00000000000000000 768.00000000000000000 320.00000000000000000 180.00000000000000000
22 768.00000000000000000 768.00000000000000000 320.00000000000000000 180.00000000000000000
23 768.00000000000000000 768.00000000000000000 320.00000000000000000 180.00000000000000000
24 768.00000000000000000 768.00000000000000000 320.00000000000000000 180.00000000000000000
25 768.00000000000000000 768.00000000000000000 320.00000000000000000 180.00000000000000000
26 768.00000000000000000 768.00000000000000000 320.00000000000000000 180.00000000000000000
27 768.00000000000000000 768.00000000000000000 320.00000000000000000 180.00000000000000000
28 768.00000000000000000 768.00000000000000000 320.00000000000000000 180.00000000000000000
29 768.00000000000000000 768.00000000000000000 320.00000000000000000 180.00000000000000000
30 768.00000000000000000 768.00000000000000000 320.00000000000000000 180.00000000000000000
31 768.00000000000000000 768.00000000000000000 320.00000000000000000 180.00000000000000000
32 768.00000000000000000 768.00000000000000000 320.00000000000000000 180.00000000000000000
33 768.00000000000000000 768.00000000000000000 320.00000000000000000 180.00000000000000000
34 768.00000000000000000 768.00000000000000000 320.00000000000000000 180.00000000000000000
35 768.00000000000000000 768.00000000000000000 320.00000000000000000 180.00000000000000000
36 768.00000000000000000 768.00000000000000000 320.00000000000000000 180.00000000000000000
37 768.00000000000000000 768.00000000000000000 320.00000000000000000 180.00000000000000000
38 768.00000000000000000 768.00000000000000000 320.00000000000000000 180.00000000000000000
39 768.00000000000000000 768.00000000000000000 320.00000000000000000 180.00000000000000000
40 768.00000000000000000 768.00000000000000000 320.00000000000000000 180.00000000000000000
41 768.00000000000000000 768.00000000000000000 320.00000000000000000 180.00000000000000000
42 768.00000000000000000 768.00000000000000000 320.00000000000000000 180.00000000000000000
43 768.00000000000000000 768.00000000000000000 320.00000000000000000 180.00000000000000000
44 768.00000000000000000 768.00000000000000000 320.00000000000000000 180.00000000000000000
45 768.00000000000000000 768.00000000000000000 320.00000000000000000 180.00000000000000000
46 768.00000000000000000 768.00000000000000000 320.00000000000000000 180.00000000000000000
47 768.00000000000000000 768.00000000000000000 320.00000000000000000 180.00000000000000000
48 768.00000000000000000 768.00000000000000000 320.00000000000000000 180.00000000000000000
49 768.00000000000000000 768.00000000000000000 320.00000000000000000 180.00000000000000000
50 768.00000000000000000 768.00000000000000000 320.00000000000000000 180.00000000000000000
51 768.00000000000000000 768.00000000000000000 320.00000000000000000 180.00000000000000000
52 768.00000000000000000 768.00000000000000000 320.00000000000000000 180.00000000000000000
53 768.00000000000000000 768.00000000000000000 320.00000000000000000 180.00000000000000000
54 768.00000000000000000 768.00000000000000000 320.00000000000000000 180.00000000000000000
55 768.00000000000000000 768.00000000000000000 320.00000000000000000 180.00000000000000000
56 768.00000000000000000 768.00000000000000000 320.00000000000000000 180.00000000000000000
57 768.00000000000000000 768.00000000000000000 320.00000000000000000 180.00000000000000000
58 768.00000000000000000 768.00000000000000000 320.00000000000000000 180.00000000000000000
59 768.00000000000000000 768.00000000000000000 320.00000000000000000 180.00000000000000000
60 768.00000000000000000 768.00000000000000000 320.00000000000000000 180.00000000000000000
61 768.00000000000000000 768.00000000000000000 320.00000000000000000 180.00000000000000000
62 768.00000000000000000 768.00000000000000000 320.00000000000000000 180.00000000000000000
63 768.00000000000000000 768.00000000000000000 320.00000000000000000 180.00000000000000000
64 768.00000000000000000 768.00000000000000000 320.00000000000000000 180.00000000000000000
65 768.00000000000000000 768.00000000000000000 320.00000000000000000 180.00000000000000000
66 768.00000000000000000 768.00000000000000000 320.00000000000000000 180.00000000000000000
67 768.00000000000000000 768.00000000000000000 320.00000000000000000 180.00000000000000000
68 768.00000000000000000 768.00000000000000000 320.00000000000000000 180.00000000000000000
69 768.00000000000000000 768.00000000000000000 320.00000000000000000 180.00000000000000000
70 768.00000000000000000 768.00000000000000000 320.00000000000000000 180.00000000000000000
71 768.00000000000000000 768.00000000000000000 320.00000000000000000 180.00000000000000000
72 768.00000000000000000 768.00000000000000000 320.00000000000000000 180.00000000000000000
73 768.00000000000000000 768.00000000000000000 320.00000000000000000 180.00000000000000000
74 768.00000000000000000 768.00000000000000000 320.00000000000000000 180.00000000000000000
75 768.00000000000000000 768.00000000000000000 320.00000000000000000 180.00000000000000000
76 768.00000000000000000 768.00000000000000000 320.00000000000000000 180.00000000000000000
77 768.00000000000000000 768.00000000000000000 320.00000000000000000 180.00000000000000000
78 768.00000000000000000 768.00000000000000000 320.00000000000000000 180.00000000000000000
79 768.00000000000000000 768.00000000000000000 320.00000000000000000 180.00000000000000000
80 768.00000000000000000 768.00000000000000000 320.00000000000000000 180.00000000000000000
81 768.00000000000000000 768.00000000000000000 320.00000000000000000 180.00000000000000000
82 768.00000000000000000 768.00000000000000000 320.00000000000000000 180.00000000000000000
83 768.00000000000000000 768.00000000000000000 320.00000000000000000 180.00000000000000000
84 768.00000000000000000 768.00000000000000000 320.00000000000000000 180.00000000000000000
85 768.00000000000000000 768.00000000000000000 320.00000000000000000 180.00000000000000000
86 768.00000000000000000 768.00000000000000000 320.00000000000000000 180.00000000000000000
87 768.00000000000000000 768.00000000000000000 320.00000000000000000 180.00000000000000000
88 768.00000000000000000 768.00000000000000000 320.00000000000000000 180.00000000000000000
89 768.00000000000000000 768.00000000000000000 320.00000000000000000 180.00000000000000000
90 768.00000000000000000 768.00000000000000000 320.00000000000000000 180.00000000000000000
91 768.00000000000000000 768.00000000000000000 320.00000000000000000 180.00000000000000000
92 768.00000000000000000 768.00000000000000000 320.00000000000000000 180.00000000000000000
93 768.00000000000000000 768.00000000000000000 320.00000000000000000 180.00000000000000000
94 768.00000000000000000 768.00000000000000000 320.00000000000000000 180.00000000000000000
95 768.00000000000000000 768.00000000000000000 320.00000000000000000 180.00000000000000000
96 768.00000000000000000 768.00000000000000000 320.00000000000000000 180.00000000000000000
97 768.00000000000000000 768.00000000000000000 320.00000000000000000 180.00000000000000000
98 768.00000000000000000 768.00000000000000000 320.00000000000000000 180.00000000000000000
99 768.00000000000000000 768.00000000000000000 320.00000000000000000 180.00000000000000000
100 768.00000000000000000 768.00000000000000000 320.00000000000000000 180.00000000000000000
101 768.00000000000000000 768.00000000000000000 320.00000000000000000 180.00000000000000000
102 768.00000000000000000 768.00000000000000000 320.00000000000000000 180.00000000000000000
103 768.00000000000000000 768.00000000000000000 320.00000000000000000 180.00000000000000000
104 768.00000000000000000 768.00000000000000000 320.00000000000000000 180.00000000000000000
105 768.00000000000000000 768.00000000000000000 320.00000000000000000 180.00000000000000000
106 768.00000000000000000 768.00000000000000000 320.00000000000000000 180.00000000000000000
107 768.00000000000000000 768.00000000000000000 320.00000000000000000 180.00000000000000000
108 768.00000000000000000 768.00000000000000000 320.00000000000000000 180.00000000000000000
109 768.00000000000000000 768.00000000000000000 320.00000000000000000 180.00000000000000000
110 768.00000000000000000 768.00000000000000000 320.00000000000000000 180.00000000000000000
111 768.00000000000000000 768.00000000000000000 320.00000000000000000 180.00000000000000000
112 768.00000000000000000 768.00000000000000000 320.00000000000000000 180.00000000000000000
113 768.00000000000000000 768.00000000000000000 320.00000000000000000 180.00000000000000000
114 768.00000000000000000 768.00000000000000000 320.00000000000000000 180.00000000000000000
115 768.00000000000000000 768.00000000000000000 320.00000000000000000 180.00000000000000000
116 768.00000000000000000 768.00000000000000000 320.00000000000000000 180.00000000000000000
117 768.00000000000000000 768.00000000000000000 320.00000000000000000 180.00000000000000000
118 768.00000000000000000 768.00000000000000000 320.00000000000000000 180.00000000000000000
119 768.00000000000000000 768.00000000000000000 320.00000000000000000 180.00000000000000000
120 768.00000000000000000 768.00000000000000000 320.00000000000000000 180.00000000000000000
121 768.00000000000000000 768.00000000000000000 320.00000000000000000 180.00000000000000000
122 768.00000000000000000 768.00000000000000000 320.00000000000000000 180.00000000000000000
123 768.00000000000000000 768.00000000000000000 320.00000000000000000 180.00000000000000000
124 768.00000000000000000 768.00000000000000000 320.00000000000000000 180.00000000000000000
125 768.00000000000000000 768.00000000000000000 320.00000000000000000 180.00000000000000000
126 768.00000000000000000 768.00000000000000000 320.00000000000000000 180.00000000000000000
127 768.00000000000000000 768.00000000000000000 320.00000000000000000 180.00000000000000000
128 768.00000000000000000 768.00000000000000000 320.00000000000000000 180.00000000000000000
129 768.00000000000000000 768.00000000000000000 320.00000000000000000 180.00000000000000000
130 768.00000000000000000 768.00000000000000000 320.00000000000000000 180.00000000000000000
131 768.00000000000000000 768.00000000000000000 320.00000000000000000 180.00000000000000000
132 768.00000000000000000 768.00000000000000000 320.00000000000000000 180.00000000000000000
133 768.00000000000000000 768.00000000000000000 320.00000000000000000 180.00000000000000000
134 768.00000000000000000 768.00000000000000000 320.00000000000000000 180.00000000000000000
135 768.00000000000000000 768.00000000000000000 320.00000000000000000 180.00000000000000000
136 768.00000000000000000 768.00000000000000000 320.00000000000000000 180.00000000000000000
137 768.00000000000000000 768.00000000000000000 320.00000000000000000 180.00000000000000000
138 768.00000000000000000 768.00000000000000000 320.00000000000000000 180.00000000000000000
139 768.00000000000000000 768.00000000000000000 320.00000000000000000 180.00000000000000000
140 768.00000000000000000 768.00000000000000000 320.00000000000000000 180.00000000000000000
141 768.00000000000000000 768.00000000000000000 320.00000000000000000 180.00000000000000000
142 768.00000000000000000 768.00000000000000000 320.00000000000000000 180.00000000000000000
143 768.00000000000000000 768.00000000000000000 320.00000000000000000 180.00000000000000000
144 768.00000000000000000 768.00000000000000000 320.00000000000000000 180.00000000000000000
145 768.00000000000000000 768.00000000000000000 320.00000000000000000 180.00000000000000000
146 768.00000000000000000 768.00000000000000000 320.00000000000000000 180.00000000000000000
147 768.00000000000000000 768.00000000000000000 320.00000000000000000 180.00000000000000000
148 768.00000000000000000 768.00000000000000000 320.00000000000000000 180.00000000000000000
149 768.00000000000000000 768.00000000000000000 320.00000000000000000 180.00000000000000000
150 768.00000000000000000 768.00000000000000000 320.00000000000000000 180.00000000000000000
151 768.00000000000000000 768.00000000000000000 320.00000000000000000 180.00000000000000000
152 768.00000000000000000 768.00000000000000000 320.00000000000000000 180.00000000000000000
153 768.00000000000000000 768.00000000000000000 320.00000000000000000 180.00000000000000000
154 768.00000000000000000 768.00000000000000000 320.00000000000000000 180.00000000000000000
155 768.00000000000000000 768.00000000000000000 320.00000000000000000 180.00000000000000000
156 768.00000000000000000 768.00000000000000000 320.00000000000000000 180.00000000000000000
157 768.00000000000000000 768.00000000000000000 320.00000000000000000 180.00000000000000000
158 768.00000000000000000 768.00000000000000000 320.00000000000000000 180.00000000000000000
159 768.00000000000000000 768.00000000000000000 320.00000000000000000 180.00000000000000000
160 768.00000000000000000 768.00000000000000000 320.00000000000000000 180.00000000000000000
161 768.00000000000000000 768.00000000000000000 320.00000000000000000 180.00000000000000000
162 768.00000000000000000 768.00000000000000000 320.00000000000000000 180.00000000000000000
163 768.00000000000000000 768.00000000000000000 320.00000000000000000 180.00000000000000000
164 768.00000000000000000 768.00000000000000000 320.00000000000000000 180.00000000000000000
165 768.00000000000000000 768.00000000000000000 320.00000000000000000 180.00000000000000000
166 768.00000000000000000 768.00000000000000000 320.00000000000000000 180.00000000000000000
167 768.00000000000000000 768.00000000000000000 320.00000000000000000 180.00000000000000000
168 768.00000000000000000 768.00000000000000000 320.00000000000000000 180.00000000000000000
169 768.00000000000000000 768.00000000000000000 320.00000000000000000 180.00000000000000000
170 768.00000000000000000 768.00000000000000000 320.00000000000000000 180.00000000000000000
171 768.00000000000000000 768.00000000000000000 320.00000000000000000 180.00000000000000000
172 768.00000000000000000 768.00000000000000000 320.00000000000000000 180.00000000000000000
173 768.00000000000000000 768.00000000000000000 320.00000000000000000 180.00000000000000000
174 768.00000000000000000 768.00000000000000000 320.00000000000000000 180.00000000000000000
175 768.00000000000000000 768.00000000000000000 320.00000000000000000 180.00000000000000000
176 768.00000000000000000 768.00000000000000000 320.00000000000000000 180.00000000000000000
177 768.00000000000000000 768.00000000000000000 320.00000000000000000 180.00000000000000000
178 768.00000000000000000 768.00000000000000000 320.00000000000000000 180.00000000000000000
179 768.00000000000000000 768.00000000000000000 320.00000000000000000 180.00000000000000000
180 768.00000000000000000 768.00000000000000000 320.00000000000000000 180.00000000000000000
181 768.00000000000000000 768.00000000000000000 320.00000000000000000 180.00000000000000000
182 768.00000000000000000 768.00000000000000000 320.00000000000000000 180.00000000000000000
183 768.00000000000000000 768.00000000000000000 320.00000000000000000 180.00000000000000000
184 768.00000000000000000 768.00000000000000000 320.00000000000000000 180.00000000000000000
185 768.00000000000000000 768.00000000000000000 320.00000000000000000 180.00000000000000000
186 768.00000000000000000 768.00000000000000000 320.00000000000000000 180.00000000000000000
187 768.00000000000000000 768.00000000000000000 320.00000000000000000 180.00000000000000000
188 768.00000000000000000 768.00000000000000000 320.00000000000000000 180.00000000000000000
189 768.00000000000000000 768.00000000000000000 320.00000000000000000 180.00000000000000000
190 768.00000000000000000 768.00000000000000000 320.00000000000000000 180.00000000000000000
191 768.00000000000000000 768.00000000000000000 320.00000000000000000 180.00000000000000000
192 768.00000000000000000 768.00000000000000000 320.00000000000000000 180.00000000000000000
193 768.00000000000000000 768.00000000000000000 320.00000000000000000 180.00000000000000000
194 768.00000000000000000 768.00000000000000000 320.00000000000000000 180.00000000000000000
195 768.00000000000000000 768.00000000000000000 320.00000000000000000 180.00000000000000000
196 768.00000000000000000 768.00000000000000000 320.00000000000000000 180.00000000000000000
197 768.00000000000000000 768.00000000000000000 320.00000000000000000 180.00000000000000000
198 768.00000000000000000 768.00000000000000000 320.00000000000000000 180.00000000000000000
199 768.00000000000000000 768.00000000000000000 320.00000000000000000 180.00000000000000000
200 768.00000000000000000 768.00000000000000000 320.00000000000000000 180.00000000000000000
201 768.00000000000000000 768.00000000000000000 320.00000000000000000 180.00000000000000000
202 768.00000000000000000 768.00000000000000000 320.00000000000000000 180.00000000000000000
203 768.00000000000000000 768.00000000000000000 320.00000000000000000 180.00000000000000000
204 768.00000000000000000 768.00000000000000000 320.00000000000000000 180.00000000000000000
205 768.00000000000000000 768.00000000000000000 320.00000000000000000 180.00000000000000000
206 768.00000000000000000 768.00000000000000000 320.00000000000000000 180.00000000000000000
207 768.00000000000000000 768.00000000000000000 320.00000000000000000 180.00000000000000000
208 768.00000000000000000 768.00000000000000000 320.00000000000000000 180.00000000000000000
209 768.00000000000000000 768.00000000000000000 320.00000000000000000 180.00000000000000000
210 768.00000000000000000 768.00000000000000000 320.00000000000000000 180.00000000000000000
211 768.00000000000000000 768.00000000000000000 320.00000000000000000 180.00000000000000000
212 768.00000000000000000 768.00000000000000000 320.00000000000000000 180.00000000000000000
213 768.00000000000000000 768.00000000000000000 320.00000000000000000 180.00000000000000000
214 768.00000000000000000 768.00000000000000000 320.00000000000000000 180.00000000000000000
215 768.00000000000000000 768.00000000000000000 320.00000000000000000 180.00000000000000000
216 768.00000000000000000 768.00000000000000000 320.00000000000000000 180.00000000000000000
217 768.00000000000000000 768.00000000000000000 320.00000000000000000 180.00000000000000000
218 768.00000000000000000 768.00000000000000000 320.00000000000000000 180.00000000000000000
219 768.00000000000000000 768.00000000000000000 320.00000000000000000 180.00000000000000000
220 768.00000000000000000 768.00000000000000000 320.00000000000000000 180.00000000000000000
221 768.00000000000000000 768.00000000000000000 320.00000000000000000 180.00000000000000000
222 768.00000000000000000 768.00000000000000000 320.00000000000000000 180.00000000000000000
223 768.00000000000000000 768.00000000000000000 320.00000000000000000 180.00000000000000000
224 768.00000000000000000 768.00000000000000000 320.00000000000000000 180.00000000000000000
225 768.00000000000000000 768.00000000000000000 320.00000000000000000 180.00000000000000000
226 768.00000000000000000 768.00000000000000000 320.00000000000000000 180.00000000000000000
227 768.00000000000000000 768.00000000000000000 320.00000000000000000 180.00000000000000000
228 768.00000000000000000 768.00000000000000000 320.00000000000000000 180.00000000000000000
229 768.00000000000000000 768.00000000000000000 320.00000000000000000 180.00000000000000000
230 768.00000000000000000 768.00000000000000000 320.00000000000000000 180.00000000000000000
231 768.00000000000000000 768.00000000000000000 320.00000000000000000 180.00000000000000000
232 768.00000000000000000 768.00000000000000000 320.00000000000000000 180.00000000000000000
233 768.00000000000000000 768.00000000000000000 320.00000000000000000 180.00000000000000000
234 768.00000000000000000 768.00000000000000000 320.00000000000000000 180.00000000000000000
235 768.00000000000000000 768.00000000000000000 320.00000000000000000 180.00000000000000000
236 768.00000000000000000 768.00000000000000000 320.00000000000000000 180.00000000000000000
237 768.00000000000000000 768.00000000000000000 320.00000000000000000 180.00000000000000000
238 768.00000000000000000 768.00000000000000000 320.00000000000000000 180.00000000000000000
239 768.00000000000000000 768.00000000000000000 320.00000000000000000 180.00000000000000000
240 768.00000000000000000 768.00000000000000000 320.00000000000000000 180.00000000000000000
241 768.00000000000000000 768.00000000000000000 320.00000000000000000 180.00000000000000000
242 768.00000000000000000 768.00000000000000000 320.00000000000000000 180.00000000000000000
243 768.00000000000000000 768.00000000000000000 320.00000000000000000 180.00000000000000000
244 768.00000000000000000 768.00000000000000000 320.00000000000000000 180.00000000000000000
245 768.00000000000000000 768.00000000000000000 320.00000000000000000 180.00000000000000000
246 768.00000000000000000 768.00000000000000000 320.00000000000000000 180.00000000000000000
247 768.00000000000000000 768.00000000000000000 320.00000000000000000 180.00000000000000000
248 768.00000000000000000 768.00000000000000000 320.00000000000000000 180.00000000000000000
249 768.00000000000000000 768.00000000000000000 320.00000000000000000 180.00000000000000000
250 768.00000000000000000 768.00000000000000000 320.00000000000000000 180.00000000000000000
251 768.00000000000000000 768.00000000000000000 320.00000000000000000 180.00000000000000000
252 768.00000000000000000 768.00000000000000000 320.00000000000000000 180.00000000000000000
253 768.00000000000000000 768.00000000000000000 320.00000000000000000 180.00000000000000000
254 768.00000000000000000 768.00000000000000000 320.00000000000000000 180.00000000000000000
255 768.00000000000000000 768.00000000000000000 320.00000000000000000 180.00000000000000000
256 768.00000000000000000 768.00000000000000000 320.00000000000000000 180.00000000000000000
257 768.00000000000000000 768.00000000000000000 320.00000000000000000 180.00000000000000000
258 768.00000000000000000 768.00000000000000000 320.00000000000000000 180.00000000000000000
259 768.00000000000000000 768.00000000000000000 320.00000000000000000 180.00000000000000000
260 768.00000000000000000 768.00000000000000000 320.00000000000000000 180.00000000000000000
261 768.00000000000000000 768.00000000000000000 320.00000000000000000 180.00000000000000000
262 768.00000000000000000 768.00000000000000000 320.00000000000000000 180.00000000000000000
263 768.00000000000000000 768.00000000000000000 320.00000000000000000 180.00000000000000000
264 768.00000000000000000 768.00000000000000000 320.00000000000000000 180.00000000000000000
265 768.00000000000000000 768.00000000000000000 320.00000000000000000 180.00000000000000000
266 768.00000000000000000 768.00000000000000000 320.00000000000000000 180.00000000000000000
267 768.00000000000000000 768.00000000000000000 320.00000000000000000 180.00000000000000000
268 768.00000000000000000 768.00000000000000000 320.00000000000000000 180.00000000000000000
269 768.00000000000000000 768.00000000000000000 320.00000000000000000 180.00000000000000000
270 768.00000000000000000 768.00000000000000000 320.00000000000000000 180.00000000000000000
271 768.00000000000000000 768.00000000000000000 320.00000000000000000 180.00000000000000000
272 768.00000000000000000 768.00000000000000000 320.00000000000000000 180.00000000000000000
273 768.00000000000000000 768.00000000000000000 320.00000000000000000 180.00000000000000000
274 768.00000000000000000 768.00000000000000000 320.00000000000000000 180.00000000000000000
275 768.00000000000000000 768.00000000000000000 320.00000000000000000 180.00000000000000000
276 768.00000000000000000 768.00000000000000000 320.00000000000000000 180.00000000000000000
277 768.00000000000000000 768.00000000000000000 320.00000000000000000 180.00000000000000000
278 768.00000000000000000 768.00000000000000000 320.00000000000000000 180.00000000000000000
279 768.00000000000000000 768.00000000000000000 320.00000000000000000 180.00000000000000000
280 768.00000000000000000 768.00000000000000000 320.00000000000000000 180.00000000000000000
281 768.00000000000000000 768.00000000000000000 320.00000000000000000 180.00000000000000000
282 768.00000000000000000 768.00000000000000000 320.00000000000000000 180.00000000000000000
283 768.00000000000000000 768.00000000000000000 320.00000000000000000 180.00000000000000000
284 768.00000000000000000 768.00000000000000000 320.00000000000000000 180.00000000000000000
285 768.00000000000000000 768.00000000000000000 320.00000000000000000 180.00000000000000000
286 768.00000000000000000 768.00000000000000000 320.00000000000000000 180.00000000000000000
287 768.00000000000000000 768.00000000000000000 320.00000000000000000 180.00000000000000000
288 768.00000000000000000 768.00000000000000000 320.00000000000000000 180.00000000000000000
289 768.00000000000000000 768.00000000000000000 320.00000000000000000 180.00000000000000000
290 768.00000000000000000 768.00000000000000000 320.00000000000000000 180.00000000000000000
291 768.00000000000000000 768.00000000000000000 320.00000000000000000 180.00000000000000000
292 768.00000000000000000 768.00000000000000000 320.00000000000000000 180.00000000000000000
293 768.00000000000000000 768.00000000000000000 320.00000000000000000 180.00000000000000000
294 768.00000000000000000 768.00000000000000000 320.00000000000000000 180.00000000000000000
295 768.00000000000000000 768.00000000000000000 320.00000000000000000 180.00000000000000000
296 768.00000000000000000 768.00000000000000000 320.00000000000000000 180.00000000000000000
297 768.00000000000000000 768.00000000000000000 320.00000000000000000 180.00000000000000000
298 768.00000000000000000 768.00000000000000000 320.00000000000000000 180.00000000000000000
299 768.00000000000000000 768.00000000000000000 320.00000000000000000 180.00000000000000000
300 768.00000000000000000 768.00000000000000000 320.00000000000000000 180.00000000000000000
301 768.00000000000000000 768.00000000000000000 320.00000000000000000 180.00000000000000000
302 768.00000000000000000 768.00000000000000000 320.00000000000000000 180.00000000000000000
303 768.00000000000000000 768.00000000000000000 320.00000000000000000 180.00000000000000000
304 768.00000000000000000 768.00000000000000000 320.00000000000000000 180.00000000000000000
305 768.00000000000000000 768.00000000000000000 320.00000000000000000 180.00000000000000000
306 768.00000000000000000 768.00000000000000000 320.00000000000000000 180.00000000000000000
307 768.00000000000000000 768.00000000000000000 320.00000000000000000 180.00000000000000000
308 768.00000000000000000 768.00000000000000000 320.00000000000000000 180.00000000000000000
309 768.00000000000000000 768.00000000000000000 320.00000000000000000 180.00000000000000000
310 768.00000000000000000 768.00000000000000000 320.00000000000000000 180.00000000000000000
311 768.00000000000000000 768.00000000000000000 320.00000000000000000 180.00000000000000000
312 768.00000000000000000 768.00000000000000000 320.00000000000000000 180.00000000000000000
313 768.00000000000000000 768.00000000000000000 320.00000000000000000 180.00000000000000000
314 768.00000000000000000 768.00000000000000000 320.00000000000000000 180.00000000000000000
315 768.00000000000000000 768.00000000000000000 320.00000000000000000 180.00000000000000000
316 768.00000000000000000 768.00000000000000000 320.00000000000000000 180.00000000000000000
317 768.00000000000000000 768.00000000000000000 320.00000000000000000 180.00000000000000000
318 768.00000000000000000 768.00000000000000000 320.00000000000000000 180.00000000000000000
319 768.00000000000000000 768.00000000000000000 320.00000000000000000 180.00000000000000000
320 768.00000000000000000 768.00000000000000000 320.00000000000000000 180.00000000000000000
321 768.00000000000000000 768.00000000000000000 320.00000000000000000 180.00000000000000000
322 768.00000000000000000 768.00000000000000000 320.00000000000000000 180.00000000000000000
323 768.00000000000000000 768.00000000000000000 320.00000000000000000 180.00000000000000000
324 768.00000000000000000 768.00000000000000000 320.00000000000000000 180.00000000000000000
325 768.00000000000000000 768.00000000000000000 320.00000000000000000 180.00000000000000000
326 768.00000000000000000 768.00000000000000000 320.00000000000000000 180.00000000000000000
327 768.00000000000000000 768.00000000000000000 320.00000000000000000 180.00000000000000000
328 768.00000000000000000 768.00000000000000000 320.00000000000000000 180.00000000000000000
329 768.00000000000000000 768.00000000000000000 320.00000000000000000 180.00000000000000000
330 768.00000000000000000 768.00000000000000000 320.00000000000000000 180.00000000000000000
331 768.00000000000000000 768.00000000000000000 320.00000000000000000 180.00000000000000000
332 768.00000000000000000 768.00000000000000000 320.00000000000000000 180.00000000000000000
333 768.00000000000000000 768.00000000000000000 320.00000000000000000 180.00000000000000000
334 768.00000000000000000 768.00000000000000000 320.00000000000000000 180.00000000000000000
335 768.00000000000000000 768.00000000000000000 320.00000000000000000 180.00000000000000000
336 768.00000000000000000 768.00000000000000000 320.00000000000000000 180.00000000000000000
337 768.00000000000000000 768.00000000000000000 320.00000000000000000 180.00000000000000000
338 768.00000000000000000 768.00000000000000000 320.00000000000000000 180.00000000000000000
339 768.00000000000000000 768.00000000000000000 320.00000000000000000 180.00000000000000000
340 768.00000000000000000 768.00000000000000000 320.00000000000000000 180.00000000000000000
341 768.00000000000000000 768.00000000000000000 320.00000000000000000 180.00000000000000000
342 768.00000000000000000 768.00000000000000000 320.00000000000000000 180.00000000000000000
343 768.00000000000000000 768.00000000000000000 320.00000000000000000 180.00000000000000000
344 768.00000000000000000 768.00000000000000000 320.00000000000000000 180.00000000000000000
345 768.00000000000000000 768.00000000000000000 320.00000000000000000 180.00000000000000000
346 768.00000000000000000 768.00000000000000000 320.00000000000000000 180.00000000000000000
347 768.00000000000000000 768.00000000000000000 320.00000000000000000 180.00000000000000000
348 768.00000000000000000 768.00000000000000000 320.00000000000000000 180.00000000000000000
349 768.00000000000000000 768.00000000000000000 320.00000000000000000 180.00000000000000000
350 768.00000000000000000 768.00000000000000000 320.00000000000000000 180.00000000000000000
351 768.00000000000000000 768.00000000000000000 320.00000000000000000 180.00000000000000000
352 768.00000000000000000 768.00000000000000000 320.00000000000000000 180.00000000000000000
353 768.00000000000000000 768.00000000000000000 320.00000000000000000 180.00000000000000000
354 768.00000000000000000 768.00000000000000000 320.00000000000000000 180.00000000000000000
355 768.00000000000000000 768.00000000000000000 320.00000000000000000 180.00000000000000000
356 768.00000000000000000 768.00000000000000000 320.00000000000000000 180.00000000000000000
357 768.00000000000000000 768.00000000000000000 320.00000000000000000 180.00000000000000000
358 768.00000000000000000 768.00000000000000000 320.00000000000000000 180.00000000000000000
359 768.00000000000000000 768.00000000000000000 320.00000000000000000 180.00000000000000000
360 768.00000000000000000 768.00000000000000000 320.00000000000000000 180.00000000000000000
361 768.00000000000000000 768.00000000000000000 320.00000000000000000 180.00000000000000000
362 768.00000000000000000 768.00000000000000000 320.00000000000000000 180.00000000000000000
363 768.00000000000000000 768.00000000000000000 320.00000000000000000 180.00000000000000000
364 768.00000000000000000 768.00000000000000000 320.00000000000000000 180.00000000000000000
365 768.00000000000000000 768.00000000000000000 320.00000000000000000 180.00000000000000000
366 768.00000000000000000 768.00000000000000000 320.00000000000000000 180.00000000000000000
367 768.00000000000000000 768.00000000000000000 320.00000000000000000 180.00000000000000000
368 768.00000000000000000 768.00000000000000000 320.00000000000000000 180.00000000000000000
369 768.00000000000000000 768.00000000000000000 320.00000000000000000 180.00000000000000000
370 768.00000000000000000 768.00000000000000000 320.00000000000000000 180.00000000000000000
371 768.00000000000000000 768.00000000000000000 320.00000000000000000 180.00000000000000000
372 768.00000000000000000 768.00000000000000000 320.00000000000000000 180.00000000000000000
373 768.00000000000000000 768.00000000000000000 320.00000000000000000 180.00000000000000000
374 768.00000000000000000 768.00000000000000000 320.00000000000000000 180.00000000000000000
375 768.00000000000000000 768.00000000000000000 320.00000000000000000 180.00000000000000000
376 768.00000000000000000 768.00000000000000000 320.00000000000000000 180.00000000000000000
377 768.00000000000000000 768.00000000000000000 320.00000000000000000 180.00000000000000000
378 768.00000000000000000 768.00000000000000000 320.00000000000000000 180.00000000000000000
379 768.00000000000000000 768.00000000000000000 320.00000000000000000 180.00000000000000000
380 768.00000000000000000 768.00000000000000000 320.00000000000000000 180.00000000000000000
381 768.00000000000000000 768.00000000000000000 320.00000000000000000 180.00000000000000000
382 768.00000000000000000 768.00000000000000000 320.00000000000000000 180.00000000000000000
383 768.00000000000000000 768.00000000000000000 320.00000000000000000 180.00000000000000000
384 768.00000000000000000 768.00000000000000000 320.00000000000000000 180.00000000000000000
385 768.00000000000000000 768.00000000000000000 320.00000000000000000 180.00000000000000000
386 768.00000000000000000 768.00000000000000000 320.00000000000000000 180.00000000000000000
387 768.00000000000000000 768.00000000000000000 320.00000000000000000 180.00000000000000000
388 768.00000000000000000 768.00000000000000000 320.00000000000000000 180.00000000000000000
389 768.00000000000000000 768.00000000000000000 320.00000000000000000 180.00000000000000000
390 768.00000000000000000 768.00000000000000000 320.00000000000000000 180.00000000000000000
391 768.00000000000000000 768.00000000000000000 320.00000000000000000 180.00000000000000000
392 768.00000000000000000 768.00000000000000000 320.00000000000000000 180.00000000000000000
393 768.00000000000000000 768.00000000000000000 320.00000000000000000 180.00000000000000000
394 768.00000000000000000 768.00000000000000000 320.00000000000000000 180.00000000000000000
395 768.00000000000000000 768.00000000000000000 320.00000000000000000 180.00000000000000000
396 768.00000000000000000 768.00000000000000000 320.00000000000000000 180.00000000000000000
397 768.00000000000000000 768.00000000000000000 320.00000000000000000 180.00000000000000000
398 768.00000000000000000 768.00000000000000000 320.00000000000000000 180.00000000000000000
399 768.00000000000000000 768.00000000000000000 320.00000000000000000 180.00000000000000000
400 768.00000000000000000 768.00000000000000000 320.00000000000000000 180.00000000000000000
401 768.00000000000000000 768.00000000000000000 320.00000000000000000 180.00000000000000000
402 768.00000000000000000 768.00000000000000000 320.00000000000000000 180.00000000000000000
403 768.00000000000000000 768.00000000000000000 320.00000000000000000 180.00000000000000000
404 768.00000000000000000 768.00000000000000000 320.00000000000000000 180.00000000000000000
405 768.00000000000000000 768.00000000000000000 320.00000000000000000 180.00000000000000000
406 768.00000000000000000 768.00000000000000000 320.00000000000000000 180.00000000000000000
407 768.00000000000000000 768.00000000000000000 320.00000000000000000 180.00000000000000000
408 768.00000000000000000 768.00000000000000000 320.00000000000000000 180.00000000000000000
409 768.00000000000000000 768.00000000000000000 320.00000000000000000 180.00000000000000000
410 768.00000000000000000 768.00000000000000000 320.00000000000000000 180.00000000000000000
411 768.00000000000000000 768.00000000000000000 320.00000000000000000 180.00000000000000000
412 768.00000000000000000 768.00000000000000000 320.00000000000000000 180.00000000000000000
413 768.00000000000000000 768.00000000000000000 320.00000000000000000 180.00000000000000000
414 768.00000000000000000 768.00000000000000000 320.00000000000000000 180.00000000000000000
415 768.00000000000000000 768.00000000000000000 320.00000000000000000 180.00000000000000000
416 768.00000000000000000 768.00000000000000000 320.00000000000000000 180.00000000000000000
417 768.00000000000000000 768.00000000000000000 320.00000000000000000 180.00000000000000000
418 768.00000000000000000 768.00000000000000000 320.00000000000000000 180.00000000000000000
419 768.00000000000000000 768.00000000000000000 320.00000000000000000 180.00000000000000000
420 768.00000000000000000 768.00000000000000000 320.00000000000000000 180.00000000000000000
421 768.00000000000000000 768.00000000000000000 320.00000000000000000 180.00000000000000000
422 768.00000000000000000 768.00000000000000000 320.00000000000000000 180.00000000000000000
423 768.00000000000000000 768.00000000000000000 320.00000000000000000 180.00000000000000000
424 768.00000000000000000 768.00000000000000000 320.00000000000000000 180.00000000000000000
425 768.00000000000000000 768.00000000000000000 320.00000000000000000 180.00000000000000000
426 768.00000000000000000 768.00000000000000000 320.00000000000000000 180.00000000000000000
427 768.00000000000000000 768.00000000000000000 320.00000000000000000 180.00000000000000000
428 768.00000000000000000 768.00000000000000000 320.00000000000000000 180.00000000000000000
429 768.00000000000000000 768.00000000000000000 320.00000000000000000 180.00000000000000000
430 768.00000000000000000 768.00000000000000000 320.00000000000000000 180.00000000000000000
431 768.00000000000000000 768.00000000000000000 320.00000000000000000 180.00000000000000000
432 768.00000000000000000 768.00000000000000000 320.00000000000000000 180.00000000000000000
433 768.00000000000000000 768.00000000000000000 320.00000000000000000 180.00000000000000000
434 768.00000000000000000 768.00000000000000000 320.00000000000000000 180.00000000000000000
435 768.00000000000000000 768.00000000000000000 320.00000000000000000 180.00000000000000000
436 768.00000000000000000 768.00000000000000000 320.00000000000000000 180.00000000000000000
437 768.00000000000000000 768.00000000000000000 320.00000000000000000 180.00000000000000000
438 768.00000000000000000 768.00000000000000000 320.00000000000000000 180.00000000000000000
439 768.00000000000000000 768.00000000000000000 320.00000000000000000 180.00000000000000000
440 768.00000000000000000 768.00000000000000000 320.00000000000000000 180.00000000000000000
441 768.00000000000000000 768.00000000000000000 320.00000000000000000 180.00000000000000000
442 768.00000000000000000 768.00000000000000000 320.00000000000000000 180.00000000000000000
443 768.00000000000000000 768.00000000000000000 320.00000000000000000 180.00000000000000000
444 768.00000000000000000 768.00000000000000000 320.00000000000000000 180.00000000000000000
445 768.00000000000000000 768.00000000000000000 320.00000000000000000 180.00000000000000000
446 768.00000000000000000 768.00000000000000000 320.00000000000000000 180.00000000000000000
447 768.00000000000000000 768.00000000000000000 320.00000000000000000 180.00000000000000000
448 768.00000000000000000 768.00000000000000000 320.00000000000000000 180.00000000000000000
449 768.00000000000000000 768.00000000000000000 320.00000000000000000 180.00000000000000000
450 768.00000000000000000 768.00000000000000000 320.00000000000000000 180.00000000000000000
451 768.00000000000000000 768.00000000000000000 320.00000000000000000 180.00000000000000000
452 768.00000000000000000 768.00000000000000000 320.00000000000000000 180.00000000000000000
453 768.00000000000000000 768.00000000000000000 320.00000000000000000 180.00000000000000000
454 768.00000000000000000 768.00000000000000000 320.00000000000000000 180.00000000000000000
455 768.00000000000000000 768.00000000000000000 320.00000000000000000 180.00000000000000000
456 768.00000000000000000 768.00000000000000000 320.00000000000000000 180.00000000000000000
457 768.00000000000000000 768.00000000000000000 320.00000000000000000 180.00000000000000000
458 768.00000000000000000 768.00000000000000000 320.00000000000000000 180.00000000000000000
459 768.00000000000000000 768.00000000000000000 320.00000000000000000 180.00000000000000000
460 768.00000000000000000 768.00000000000000000 320.00000000000000000 180.00000000000000000
461 768.00000000000000000 768.00000000000000000 320.00000000000000000 180.00000000000000000
462 768.00000000000000000 768.00000000000000000 320.00000000000000000 180.00000000000000000
463 768.00000000000000000 768.00000000000000000 320.00000000000000000 180.00000000000000000
464 768.00000000000000000 768.00000000000000000 320.00000000000000000 180.00000000000000000
465 768.00000000000000000 768.00000000000000000 320.00000000000000000 180.00000000000000000
466 768.00000000000000000 768.00000000000000000 320.00000000000000000 180.00000000000000000
467 768.00000000000000000 768.00000000000000000 320.00000000000000000 180.00000000000000000
468 768.00000000000000000 768.00000000000000000 320.00000000000000000 180.00000000000000000
469 768.00000000000000000 768.00000000000000000 320.00000000000000000 180.00000000000000000
470 768.00000000000000000 768.00000000000000000 320.00000000000000000 180.00000000000000000
471 768.00000000000000000 768.00000000000000000 320.00000000000000000 180.00000000000000000
472 768.00000000000000000 768.00000000000000000 320.00000000000000000 180.00000000000000000
473 768.00000000000000000 768.00000000000000000 320.00000000000000000 180.00000000000000000
474 768.00000000000000000 768.00000000000000000 320.00000000000000000 180.00000000000000000
475 768.00000000000000000 768.00000000000000000 320.00000000000000000 180.00000000000000000
476 768.00000000000000000 768.00000000000000000 320.00000000000000000 180.00000000000000000
477 768.00000000000000000 768.00000000000000000 320.00000000000000000 180.00000000000000000
478 768.00000000000000000 768.00000000000000000 320.00000000000000000 180.00000000000000000
479 768.00000000000000000 768.00000000000000000 320.00000000000000000 180.00000000000000000
480 768.00000000000000000 768.00000000000000000 320.00000000000000000 180.00000000000000000
481 768.00000000000000000 768.00000000000000000 320.00000000000000000 180.00000000000000000
482 768.00000000000000000 768.00000000000000000 320.00000000000000000 180.00000000000000000
483 768.00000000000000000 768.00000000000000000 320.00000000000000000 180.00000000000000000
484 768.00000000000000000 768.00000000000000000 320.00000000000000000 180.00000000000000000
485 768.00000000000000000 768.00000000000000000 320.00000000000000000 180.00000000000000000
486 768.00000000000000000 768.00000000000000000 320.00000000000000000 180.00000000000000000
487 768.00000000000000000 768.00000000000000000 320.00000000000000000 180.00000000000000000
488 768.00000000000000000 768.00000000000000000 320.00000000000000000 180.00000000000000000
489 768.00000000000000000 768.00000000000000000 320.00000000000000000 180.00000000000000000
490 768.00000000000000000 768.00000000000000000 320.00000000000000000 180.00000000000000000
491 768.00000000000000000 768.00000000000000000 320.00000000000000000 180.00000000000000000
492 768.00000000000000000 768.00000000000000000 320.00000000000000000 180.00000000000000000
493 768.00000000000000000 768.00000000000000000 320.00000000000000000 180.00000000000000000
494 768.00000000000000000 768.00000000000000000 320.00000000000000000 180.00000000000000000
495 768.00000000000000000 768.00000000000000000 320.00000000000000000 180.00000000000000000
496 768.00000000000000000 768.00000000000000000 320.00000000000000000 180.00000000000000000
497 768.00000000000000000 768.00000000000000000 320.00000000000000000 180.00000000000000000
498 768.00000000000000000 768.00000000000000000 320.00000000000000000 180.00000000000000000
499 768.00000000000000000 768.00000000000000000 320.00000000000000000 180.00000000000000000
500 768.00000000000000000 768.00000000000000000 320.00000000000000000 180.00000000000000000
501 768.00000000000000000 768.00000000000000000 320.00000000000000000 180.00000000000000000
502 768.00000000000000000 768.00000000000000000 320.00000000000000000 180.00000000000000000
503 768.00000000000000000 768.00000000000000000 320.00000000000000000 180.00000000000000000
504 768.00000000000000000 768.00000000000000000 320.00000000000000000 180.00000000000000000
505 768.00000000000000000 768.00000000000000000 320.00000000000000000 180.00000000000000000
506 768.00000000000000000 768.00000000000000000 320.00000000000000000 180.00000000000000000
507 768.00000000000000000 768.00000000000000000 320.00000000000000000 180.00000000000000000
508 768.00000000000000000 768.00000000000000000 320.00000000000000000 180.00000000000000000
509 768.00000000000000000 768.00000000000000000 320.00000000000000000 180.00000000000000000
510 768.00000000000000000 768.00000000000000000 320.00000000000000000 180.00000000000000000
511 768.00000000000000000 768.00000000000000000 320.00000000000000000 180.00000000000000000
512 768.00000000000000000 768.00000000000000000 320.00000000000000000 180.00000000000000000
513 768.00000000000000000 768.00000000000000000 320.00000000000000000 180.00000000000000000
514 768.00000000000000000 768.00000000000000000 320.00000000000000000 180.00000000000000000
515 768.00000000000000000 768.00000000000000000 320.00000000000000000 180.00000000000000000
516 768.00000000000000000 768.00000000000000000 320.00000000000000000 180.00000000000000000
517 768.00000000000000000 768.00000000000000000 320.00000000000000000 180.00000000000000000
518 768.00000000000000000 768.00000000000000000 320.00000000000000000 180.00000000000000000
519 768.00000000000000000 768.00000000000000000 320.00000000000000000 180.00000000000000000
520 768.00000000000000000 768.00000000000000000 320.00000000000000000 180.00000000000000000
521 768.00000000000000000 768.00000000000000000 320.00000000000000000 180.00000000000000000
522 768.00000000000000000 768.00000000000000000 320.00000000000000000 180.00000000000000000
523 768.00000000000000000 768.00000000000000000 320.00000000000000000 180.00000000000000000
524 768.00000000000000000 768.00000000000000000 320.00000000000000000 180.00000000000000000
525 768.00000000000000000 768.00000000000000000 320.00000000000000000 180.00000000000000000
526 768.00000000000000000 768.00000000000000000 320.00000000000000000 180.00000000000000000
527 768.00000000000000000 768.00000000000000000 320.00000000000000000 180.00000000000000000
528 768.00000000000000000 768.00000000000000000 320.00000000000000000 180.00000000000000000
529 768.00000000000000000 768.00000000000000000 320.00000000000000000 180.00000000000000000
530 768.00000000000000000 768.00000000000000000 320.00000000000000000 180.00000000000000000
531 768.00000000000000000 768.00000000000000000 320.00000000000000000 180.00000000000000000
532 768.00000000000000000 768.00000000000000000 320.00000000000000000 180.00000000000000000
533 768.00000000000000000 768.00000000000000000 320.00000000000000000 180.00000000000000000
534 768.00000000000000000 768.00000000000000000 320.00000000000000000 180.00000000000000000
535 768.00000000000000000 768.00000000000000000 320.00000000000000000 180.00000000000000000
536 768.00000000000000000 768.00000000000000000 320.00000000000000000 180.00000000000000000
537 768.00000000000000000 768.00000000000000000 320.00000000000000000 180.00000000000000000
538 768.00000000000000000 768.00000000000000000 320.00000000000000000 180.00000000000000000
539 768.00000000000000000 768.00000000000000000 320.00000000000000000 180.00000000000000000
540 768.00000000000000000 768.00000000000000000 320.00000000000000000 180.00000000000000000
541 768.00000000000000000 768.00000000000000000 320.00000000000000000 180.00000000000000000
542 768.00000000000000000 768.00000000000000000 320.00000000000000000 180.00000000000000000
543 768.00000000000000000 768.00000000000000000 320.00000000000000000 180.00000000000000000
544 768.00000000000000000 768.00000000000000000 320.00000000000000000 180.00000000000000000
545 768.00000000000000000 768.00000000000000000 320.00000000000000000 180.00000000000000000
546 768.00000000000000000 768.00000000000000000 320.00000000000000000 180.00000000000000000
547 768.00000000000000000 768.00000000000000000 320.00000000000000000 180.00000000000000000
548 768.00000000000000000 768.00000000000000000 320.00000000000000000 180.00000000000000000
549 768.00000000000000000 768.00000000000000000 320.00000000000000000 180.00000000000000000
550 768.00000000000000000 768.00000000000000000 320.00000000000000000 180.00000000000000000
551 768.00000000000000000 768.00000000000000000 320.00000000000000000 180.00000000000000000
552 768.00000000000000000 768.00000000000000000 320.00000000000000000 180.00000000000000000
553 768.00000000000000000 768.00000000000000000 320.00000000000000000 180.00000000000000000
554 768.00000000000000000 768.00000000000000000 320.00000000000000000 180.00000000000000000
555 768.00000000000000000 768.00000000000000000 320.00000000000000000 180.00000000000000000
556 768.00000000000000000 768.00000000000000000 320.00000000000000000 180.00000000000000000
557 768.00000000000000000 768.00000000000000000 320.00000000000000000 180.00000000000000000
558 768.00000000000000000 768.00000000000000000 320.00000000000000000 180.00000000000000000
559 768.00000000000000000 768.00000000000000000 320.00000000000000000 180.00000000000000000
560 768.00000000000000000 768.00000000000000000 320.00000000000000000 180.00000000000000000
561 768.00000000000000000 768.00000000000000000 320.00000000000000000 180.00000000000000000
562 768.00000000000000000 768.00000000000000000 320.00000000000000000 180.00000000000000000
563 768.00000000000000000 768.00000000000000000 320.00000000000000000 180.00000000000000000
564 768.00000000000000000 768.00000000000000000 320.00000000000000000 180.00000000000000000
565 768.00000000000000000 768.00000000000000000 320.00000000000000000 180.00000000000000000
566 768.00000000000000000 768.00000000000000000 320.00000000000000000 180.00000000000000000
567 768.00000000000000000 768.00000000000000000 320.00000000000000000 180.00000000000000000
568 768.00000000000000000 768.00000000000000000 320.00000000000000000 180.00000000000000000
569 768.00000000000000000 768.00000000000000000 320.00000000000000000 180.00000000000000000
570 768.00000000000000000 768.00000000000000000 320.00000000000000000 180.00000000000000000
571 768.00000000000000000 768.00000000000000000 320.00000000000000000 180.00000000000000000
572 768.00000000000000000 768.00000000000000000 320.00000000000000000 180.00000000000000000
573 768.00000000000000000 768.00000000000000000 320.00000000000000000 180.00000000000000000
574 768.00000000000000000 768.00000000000000000 320.00000000000000000 180.00000000000000000
575 768.00000000000000000 768.00000000000000000 320.00000000000000000 180.00000000000000000
576 768.00000000000000000 768.00000000000000000 320.00000000000000000 180.00000000000000000
577 768.00000000000000000 768.00000000000000000 320.00000000000000000 180.00000000000000000
578 768.00000000000000000 768.00000000000000000 320.00000000000000000 180.00000000000000000
579 768.00000000000000000 768.00000000000000000 320.00000000000000000 180.00000000000000000
580 768.00000000000000000 768.00000000000000000 320.00000000000000000 180.00000000000000000
581 768.00000000000000000 768.00000000000000000 320.00000000000000000 180.00000000000000000
582 768.00000000000000000 768.00000000000000000 320.00000000000000000 180.00000000000000000
583 768.00000000000000000 768.00000000000000000 320.00000000000000000 180.00000000000000000
584 768.00000000000000000 768.00000000000000000 320.00000000000000000 180.00000000000000000
585 768.00000000000000000 768.00000000000000000 320.00000000000000000 180.00000000000000000
586 768.00000000000000000 768.00000000000000000 320.00000000000000000 180.00000000000000000
587 768.00000000000000000 768.00000000000000000 320.00000000000000000 180.00000000000000000
588 768.00000000000000000 768.00000000000000000 320.00000000000000000 180.00000000000000000
589 768.00000000000000000 768.00000000000000000 320.00000000000000000 180.00000000000000000
590 768.00000000000000000 768.00000000000000000 320.00000000000000000 180.00000000000000000
591 768.00000000000000000 768.00000000000000000 320.00000000000000000 180.00000000000000000
592 768.00000000000000000 768.00000000000000000 320.00000000000000000 180.00000000000000000
593 768.00000000000000000 768.00000000000000000 320.00000000000000000 180.00000000000000000
594 768.00000000000000000 768.00000000000000000 320.00000000000000000 180.00000000000000000
595 768.00000000000000000 768.00000000000000000 320.00000000000000000 180.00000000000000000
596 768.00000000000000000 768.00000000000000000 320.00000000000000000 180.00000000000000000
597 768.00000000000000000 768.00000000000000000 320.00000000000000000 180.00000000000000000
598 768.00000000000000000 768.00000000000000000 320.00000000000000000 180.00000000000000000
599 768.00000000000000000 768.00000000000000000 320.00000000000000000 180.00000000000000000
600 768.00000000000000000 768.00000000000000000 320.00000000000000000 180.00000000000000000
601 768.00000000000000000 768.00000000000000000 320.00000000000000000 180.00000000000000000
602 768.00000000000000000 768.00000000000000000 320.00000000000000000 180.00000000000000000
603 768.00000000000000000 768.00000000000000000 320.00000000000000000 180.00000000000000000
604 768.00000000000000000 768.00000000000000000 320.00000000000000000 180.00000000000000000
605 768.00000000000000000 768.00000000000000000 320.00000000000000000 180.00000000000000000
606 768.00000000000000000 768.00000000000000000 320.00000000000000000 180.00000000000000000
607 768.00000000000000000 768.00000000000000000 320.00000000000000000 180.00000000000000000
608 768.00000000000000000 768.00000000000000000 320.00000000000000000 180.00000000000000000
609 768.00000000000000000 768.00000000000000000 320.00000000000000000 180.00000000000000000
610 768.00000000000000000 768.00000000000000000 320.00000000000000000 180.00000000000000000
611 768.00000000000000000 768.00000000000000000 320.00000000000000000 180.00000000000000000
612 768.00000000000000000 768.00000000000000000 320.00000000000000000 180.00000000000000000
613 768.00000000000000000 768.00000000000000000 320.00000000000000000 180.00000000000000000
614 768.00000000000000000 768.00000000000000000 320.00000000000000000 180.00000000000000000
615 768.00000000000000000 768.00000000000000000 320.00000000000000000 180.00000000000000000
616 768.00000000000000000 768.00000000000000000 320.00000000000000000 180.00000000000000000
617 768.00000000000000000 768.00000000000000000 320.00000000000000000 180.00000000000000000
618 768.00000000000000000 768.00000000000000000 320.00000000000000000 180.00000000000000000
619 768.00000000000000000 768.00000000000000000 320.00000000000000000 180.00000000000000000
620 768.00000000000000000 768.00000000000000000 320.00000000000000000 180.00000000000000000
621 768.00000000000000000 768.00000000000000000 320.00000000000000000 180.00000000000000000
622 768.00000000000000000 768.00000000000000000 320.00000000000000000 180.00000000000000000
623 768.00000000000000000 768.00000000000000000 320.00000000000000000 180.00000000000000000
624 768.00000000000000000 768.00000000000000000 320.00000000000000000 180.00000000000000000
625 768.00000000000000000 768.00000000000000000 320.00000000000000000 180.00000000000000000
626 768.00000000000000000 768.00000000000000000 320.00000000000000000 180.00000000000000000
627 768.00000000000000000 768.00000000000000000 320.00000000000000000 180.00000000000000000
628 768.00000000000000000 768.00000000000000000 320.00000000000000000 180.00000000000000000
629 768.00000000000000000 768.00000000000000000 320.00000000000000000 180.00000000000000000
630 768.00000000000000000 768.00000000000000000 320.00000000000000000 180.00000000000000000
631 768.00000000000000000 768.00000000000000000 320.00000000000000000 180.00000000000000000
632 768.00000000000000000 768.00000000000000000 320.00000000000000000 180.00000000000000000
633 768.00000000000000000 768.00000000000000000 320.00000000000000000 180.00000000000000000
634 768.00000000000000000 768.00000000000000000 320.00000000000000000 180.00000000000000000
635 768.00000000000000000 768.00000000000000000 320.00000000000000000 180.00000000000000000
636 768.00000000000000000 768.00000000000000000 320.00000000000000000 180.00000000000000000
637 768.00000000000000000 768.00000000000000000 320.00000000000000000 180.00000000000000000
638 768.00000000000000000 768.00000000000000000 320.00000000000000000 180.00000000000000000
639 768.00000000000000000 768.00000000000000000 320.00000000000000000 180.00000000000000000
640 768.00000000000000000 768.00000000000000000 320.00000000000000000 180.00000000000000000
641 768.00000000000000000 768.00000000000000000 320.00000000000000000 180.00000000000000000
642 768.00000000000000000 768.00000000000000000 320.00000000000000000 180.00000000000000000
643 768.00000000000000000 768.00000000000000000 320.00000000000000000 180.00000000000000000
644 768.00000000000000000 768.00000000000000000 320.00000000000000000 180.00000000000000000
645 768.00000000000000000 768.00000000000000000 320.00000000000000000 180.00000000000000000
646 768.00000000000000000 768.00000000000000000 320.00000000000000000 180.00000000000000000
647 768.00000000000000000 768.00000000000000000 320.00000000000000000 180.00000000000000000
648 768.00000000000000000 768.00000000000000000 320.00000000000000000 180.00000000000000000
649 768.00000000000000000 768.00000000000000000 320.00000000000000000 180.00000000000000000
650 768.00000000000000000 768.00000000000000000 320.00000000000000000 180.00000000000000000
651 768.00000000000000000 768.00000000000000000 320.00000000000000000 180.00000000000000000
652 768.00000000000000000 768.00000000000000000 320.00000000000000000 180.00000000000000000
653 768.00000000000000000 768.00000000000000000 320.00000000000000000 180.00000000000000000
654 768.00000000000000000 768.00000000000000000 320.00000000000000000 180.00000000000000000
655 768.00000000000000000 768.00000000000000000 320.00000000000000000 180.00000000000000000
656 768.00000000000000000 768.00000000000000000 320.00000000000000000 180.00000000000000000
657 768.00000000000000000 768.00000000000000000 320.00000000000000000 180.00000000000000000
658 768.00000000000000000 768.00000000000000000 320.00000000000000000 180.00000000000000000
659 768.00000000000000000 768.00000000000000000 320.00000000000000000 180.00000000000000000
660 768.00000000000000000 768.00000000000000000 320.00000000000000000 180.00000000000000000
661 768.00000000000000000 768.00000000000000000 320.00000000000000000 180.00000000000000000
662 768.00000000000000000 768.00000000000000000 320.00000000000000000 180.00000000000000000
663 768.00000000000000000 768.00000000000000000 320.00000000000000000 180.00000000000000000
664 768.00000000000000000 768.00000000000000000 320.00000000000000000 180.00000000000000000
665 768.00000000000000000 768.00000000000000000 320.00000000000000000 180.00000000000000000
666 768.00000000000000000 768.00000000000000000 320.00000000000000000 180.00000000000000000
667 768.00000000000000000 768.00000000000000000 320.00000000000000000 180.00000000000000000
668 768.00000000000000000 768.00000000000000000 320.00000000000000000 180.00000000000000000
669 768.00000000000000000 768.00000000000000000 320.00000000000000000 180.00000000000000000
670 768.00000000000000000 768.00000000000000000 320.00000000000000000 180.00000000000000000
671 768.00000000000000000 768.00000000000000000 320.00000000000000000 180.00000000000000000
672 768.00000000000000000 768.00000000000000000 320.00000000000000000 180.00000000000000000
673 768.00000000000000000 768.00000000000000000 320.00000000000000000 180.00000000000000000
674 768.00000000000000000 768.00000000000000000 320.00000000000000000 180.00000000000000000
675 768.00000000000000000 768.00000000000000000 320.00000000000000000 180.00000000000000000
676 768.00000000000000000 768.00000000000000000 320.00000000000000000 180.00000000000000000
677 768.00000000000000000 768.00000000000000000 320.00000000000000000 180.00000000000000000
678 768.00000000000000000 768.00000000000000000 320.00000000000000000 180.00000000000000000
679 768.00000000000000000 768.00000000000000000 320.00000000000000000 180.00000000000000000
680 768.00000000000000000 768.00000000000000000 320.00000000000000000 180.00000000000000000
681 768.00000000000000000 768.00000000000000000 320.00000000000000000 180.00000000000000000
682 768.00000000000000000 768.00000000000000000 320.00000000000000000 180.00000000000000000
683 768.00000000000000000 768.00000000000000000 320.00000000000000000 180.00000000000000000
684 768.00000000000000000 768.00000000000000000 320.00000000000000000 180.00000000000000000
685 768.00000000000000000 768.00000000000000000 320.00000000000000000 180.00000000000000000
686 768.00000000000000000 768.00000000000000000 320.00000000000000000 180.00000000000000000
687 768.00000000000000000 768.00000000000000000 320.00000000000000000 180.00000000000000000
688 768.00000000000000000 768.00000000000000000 320.00000000000000000 180.00000000000000000
689 768.00000000000000000 768.00000000000000000 320.00000000000000000 180.00000000000000000
690 768.00000000000000000 768.00000000000000000 320.00000000000000000 180.00000000000000000
691 768.00000000000000000 768.00000000000000000 320.00000000000000000 180.00000000000000000
692 768.00000000000000000 768.00000000000000000 320.00000000000000000 180.00000000000000000
693 768.00000000000000000 768.00000000000000000 320.00000000000000000 180.00000000000000000
694 768.00000000000000000 768.00000000000000000 320.00000000000000000 180.00000000000000000
695 768.00000000000000000 768.00000000000000000 320.00000000000000000 180.00000000000000000
696 768.00000000000000000 768.00000000000000000 320.00000000000000000 180.00000000000000000
697 768.00000000000000000 768.00000000000000000 320.00000000000000000 180.00000000000000000
698 768.00000000000000000 768.00000000000000000 320.00000000000000000 180.00000000000000000
699 768.00000000000000000 768.00000000000000000 320.00000000000000000 180.00000000000000000
700 768.00000000000000000 768.00000000000000000 320.00000000000000000 180.00000000000000000
701 768.00000000000000000 768.00000000000000000 320.00000000000000000 180.00000000000000000
702 768.00000000000000000 768.00000000000000000 320.00000000000000000 180.00000000000000000
703 768.00000000000000000 768.00000000000000000 320.00000000000000000 180.00000000000000000
